0        [[0, 0, 0, 0, 0, 0, 0, 0, 0, 0, 0, 0, 0, 0, 0,...
1        [[0, 0, 0, 0, 0, 0, 0, 0, 0, 0, 0, 0, 0, 0, 0,...
2        [[0, 0, 0, 0, 0, 0, 0, 0, 0, 0, 0, 0, 0, 0, 0,...
3        [[0, 0, 0, 0, 0, 0, 0, 0, 0, 0, 0, 0, 0, 0, 0,...
4        [[0, 0, 0, 0, 0, 0, 0, 0, 0, 0, 0, 0, 0, 0, 0,...
                               ...                        
25514    [[0, 0, 0, 0, 0, 0, 0, 0, 0, 0, 0, 1, 2, 1, 2,...
25515    [[0, 0, 0, 0, 0, 0, 0, 0, 0, 0, 0, 1, 1, 1, 1,...
25516    [[0, 0, 0, 0, 0, 0, 0, 0, 0, 0, 0, 1, 2, 1, 1,...
25517    [[0, 0, 0, 0, 0, 0, 0, 0, 0, 0, 0, 2, 2, 1, 1,...
25518    [[0, 0, 0, 0, 0, 0, 0, 0, 0, 0, 0, 1, 2, 1, 1,...
Name: waferMap, Length: 25519, dtype: object
